278
966
145
79
532
192
941
881
756
256
895
914
911
832
211
225
352
587
451
980
512
439
699
937
487
909
249
400
534
691
664
412
559
473
403
470
744
438
370
96
89
348
5
209
41
639
907
188
117
186
302
791
516
525
235
444
319
224
388
390
626
822
131
940
21
720
609
939
893
362
242
636
84
118
641
762
498
391
509
129
996
959
425
107
130
801
97
631
88
987
105
458
383
304
843
739
284
180
709
264
420
427
562
257
298
842
66
539
654
175
901
703
457
730
162
930
968
795
310
566
522
583
500
776
346
34
550
328
883
723
999
138
18
454
125
528
597
608
918
468
712
492
904
645
78
363
9
359
810
320
533
862
174
442
806
508
135
45
288
601
19
846
176
210
717
554
429
521
991
637
432
44
361
248
886
234
165
707
474
731
472
747
690
885
834
792
529
132
262
72
584
649
24
147
670
52
139
212
495
40